0.4
[0, 597, 1059, 969, 933, 609, 448, 322, 207, 139, 97, 77, 40, 35, 31, 22, 25, 14, 10, 10, 1, 3, 3, 1, 1, 2, 1, 0, 0, 1, 0, 0, 0, 0, 0, 0, 0, 0, 0, 0, 0, 0, 0, 0, 0, 0, 0, 0, 0, 0, 0, 0, 0, 0, 0, 0, 0, 0, 0, 0, 0, 0, 0, 0, 
0, 0, 0, 0, 0, 0, 0, 0, 0, 0, 0, 0, 0, 0, 0, 0, 0, 0, 0, 0, 0, 0, 0, 0, 0, 0, 0, 0, 0, 0, 0, 0, 0, 0, 0, 0, 0]
(25073, 5657, 4.432207884037476, 8, 2, 29)
[2216.1678571428574, 822.8976587301586, 519.4568109382448, 356.4878573421775, 259.2019239714574, 189.9226319351194, 146.96321373892772, 130.27815782414737, 92.10950889081556, 70.31072217150093, 57.87598374522392, 55.742918922698706, 48.06345658735223, 41.27603864635149, 33.4606428836529, 33.30886687218016, 28.163377221947357, 27.27684659290421, 25.665502057343815, 21.288838718436562, 18.97562427284712, 17.33979547970357, 16.542844872922682]

0.5
[0, 620, 1190, 1178, 1146, 889, 572, 417, 253, 163, 112, 60, 55, 39, 20, 19, 8, 6, 4, 2, 2, 1, 1, 2, 1, 0, 0, 0, 0, 0, 0, 0, 0, 0, 0, 0, 0, 0, 0, 0, 0, 0, 0, 0, 0, 0, 0, 0, 0, 0, 0, 0, 0, 0, 0, 0, 0, 0, 0, 0, 0, 0, 0, 0, 0, 0, 0, 0, 0, 0, 0, 0, 0, 0, 0, 0, 0, 0, 0, 0, 0, 0, 0, 0, 0, 0, 0, 0, 0, 0, 0, 0, 0, 0, 0, 0, 0, 0, 0, 0, 0]
(29410, 6760, 4.350591715976331, 5, 2, 24)
[1522.3837500000004, 766.3220304232805, 469.54648477491094, 337.1732624805188, 268.35497089572834, 199.4634849473921, 149.3300418698484, 115.40300590188033, 88.45432642572248, 79.23181243934637, 67.45648551576103, 52.08856396068651, 49.94550737170262, 42.51936692024379, 35.100812295162285, 32.37059417686146, 28.489015698767663, 23.238053143387564, 24.611982066428958, 21.52580233621183, 19.706972733443532, 17.575180737040316, 16.254041877486394]

0.6
[0, 636, 1280, 1424, 1249, 1004, 668, 440, 298, 189, 152, 59, 58, 25, 25, 8, 4, 6, 3, 4, 2, 1, 1, 0, 1, 0, 0, 0, 0, 0, 0, 0, 0, 0, 0, 0, 0, 0, 0, 0, 0, 0, 0, 0, 0, 0, 0, 0, 0, 0, 0, 0, 0, 0, 0, 0, 0, 0, 0, 0, 0, 0, 0, 0, 0, 0, 0, 0, 0, 0, 0, 0, 0, 0, 0, 0, 0, 0, 0, 0, 0, 0, 0, 0, 0, 0, 0, 0, 0, 0, 0, 0, 0, 0, 0, 0, 0, 0, 0, 0, 0]
(32720, 7537, 4.341249834151519, 5, 3, 24)
[1779.0083333333332, 1072.5762374444728, 433.7480640574703, 382.6226392610744, 267.77235279692235, 176.83006514372968, 146.47613660797234, 101.63325937376683, 92.03616253489223, 66.31569098404256, 60.37208581728243, 50.89616277900674, 46.15819220538841, 36.353617308997194, 36.250347630900976, 32.0154869536227, 28.75422315514871, 25.52907506752253, 22.050373140137594, 20.694694272046455, 18.35707754879439, 16.582073894261608, 16.530660303740266]

0.7
[0, 677, 1352, 1449, 1413, 1031, 682, 457, 300, 209, 172, 76, 77, 49, 33, 21, 16, 10, 5, 6, 4, 1, 3, 0, 0, 0, 1, 0, 1, 0, 0, 0, 0, 0, 0, 0, 0, 0, 0, 0, 0, 0, 0, 0, 0, 0, 0, 0, 0, 0, 0, 0, 0, 0, 0, 0, 0, 0, 0, 0, 0, 0, 0, 0, 0, 0, 0, 0, 0, 0, 0, 0, 0, 0, 0, 0, 0, 0, 0, 0, 0, 0, 0, 0, 0, 0, 0, 0, 0, 0, 0, 0, 0, 0, 0, 0, 0, 0, 0, 0, 0]
(35852, 8045, 4.456432566811684, 5, 3, 28)
[1463.3650000000002, 825.6561237373737, 548.4289956435471, 335.8009834991668, 215.78719126866096, 213.62640093122468, 164.6188155766667, 111.96200220991604, 102.53138329692734, 79.64408745925364, 60.010649273275654, 50.80012664196211, 49.02145344156449, 42.28220223077813, 38.09427522365273, 33.82648025888019, 29.4020918434731, 25.947882571580312, 25.015681478212564, 21.586934262777802, 20.826962302227866, 18.982114505852728, 17.42089877973025]


0.8
[0, 663, 1695, 1658, 1466, 1056, 691, 471, 320, 281, 145, 136, 97, 57, 52, 48, 25, 18, 11, 13, 8, 4, 0, 2, 0, 2, 0, 0, 0, 0, 0, 0, 0, 0, 0, 0, 0, 0, 0, 0, 0, 0, 0, 0, 0, 0, 0, 0, 0, 0, 0, 0, 0, 0, 0, 0, 0, 0, 0, 0, 0, 0, 0, 0, 0, 0, 0, 0, 0, 0, 0, 0, 0, 0, 0, 0, 0, 0, 0, 0, 0, 0, 0, 0, 0, 0, 0, 0, 0, 0, 0, 0, 0, 0, 0, 0, 0, 0, 0, 0, 0]
(40493, 8919, 4.5400829689427065, 4, 2, 25)
[1673.6337797619046, 742.4709656084656, 484.40558522430973, 333.4191534012643, 207.0700542408878, 177.69164760330608, 148.80004093959928, 111.41347785116297, 91.25086407956303, 76.21753188758588, 68.97641488621467, 60.31539764943671, 54.18659669643411, 40.4749393949315, 37.4528288500345, 31.851138620124182, 28.962362047677153, 25.28442653860072, 23.64953845161615, 23.00769573488927, 21.51413028327253, 18.81761562454222, 16.967457762041747] 

0.9
[0, 696, 1421, 1602, 1618, 1288, 926, 644, 433, 273, 167, 109, 82, 32, 13, 16, 9, 6, 2, 2, 1, 1, 0, 0, 0, 0, 0, 0, 0, 0, 0, 0, 0, 0, 0, 0, 0, 0, 0, 0, 0, 0, 0, 0, 0, 0, 0, 0, 0, 0, 0, 0, 0, 0, 0, 0, 0, 0, 0, 0, 0, 0, 0, 0, 0, 0, 0, 0, 0, 0, 0, 0, 0, 0, 0, 0, 0, 0, 0, 0, 0, 0, 0, 0, 0, 0, 0, 0, 0, 0, 0, 0, 0, 0, 0, 0, 0, 0, 0, 0, 0]
(42293, 9341, 4.527673696606359, 4, 4, 21)
[1394.6262499999998, 774.156387085137, 448.6937567293818, 356.11055520610256, 211.4875268084606, 158.77326648538943, 140.3184269115884, 111.49780036103705, 90.25515106788737, 71.74772464615143, 64.09161238053795, 59.20921618277748, 45.444674872305846, 42.9604112028938, 38.07786967916804, 33.75047065134332, 29.648573876194664, 26.605783394965798, 24.004873955639706, 21.375645749557275, 18.67678176000382, 18.640378906945124, 16.540618304264132]

1
[0, 718, 1619, 1716, 1673, 1325, 973, 612, 366, 283, 174, 132, 90, 42, 44, 37, 25, 22, 16, 6, 11, 5, 7, 2, 1, 1, 0, 0, 0, 0, 0, 0, 0, 0, 0, 0, 0, 0, 0, 0, 0, 0, 0, 0, 0, 0, 0, 0, 0, 0, 0, 0, 0, 0, 0, 0, 0, 0, 0, 0, 0, 0, 0, 0, 0, 0, 0, 0, 0, 0, 0, 0, 0, 0, 0, 0, 0, 0, 0, 0, 0, 0, 0, 0, 0, 0, 0, 0, 0, 0, 0, 0, 0, 0, 0, 0, 0, 0, 0, 0, 0]
(45757, 9900, 4.621919191919192, 4, 3, 25)
[2255.8348214285716, 997.9295624745627, 430.7258170362246, 348.04934552195533, 239.00924860548133, 164.61385370563434, 136.90993754366326, 112.50221608222212, 86.3406794954505, 81.07291122838582, 62.4861057626822, 59.57530388486528, 51.20995108381948, 38.76758839159622, 36.20304098692155, 34.10878137394436, 30.345504994509625, 26.271732347241862, 23.678535322791376, 21.904116660186425, 21.104020675522836, 19.31723530768056, 17.358327790351755]
