
100 个节点, ID 8 位
[42, 858, 1695, 1719, 1607, 1302, 924, 617, 406, 296, 163, 104, 59, 41, 33, 11, 12, 6, 0, 2, 3, 0, 0, 0, 0, 0, 0, 0, 0, 0, 0, 0, 0, 0, 0, 0, 0, 0, 0, 0, 0, 0, 0, 0, 0, 0, 0, 0, 0, 0, 0, 0, 0, 0, 0, 0, 0, 0, 0, 0, 0, 0, 0, 0, 0, 0, 0, 0, 0, 0, 0, 0, 0, 0, 0, 0, 0, 0, 0, 0, 0, 0, 0, 0, 0, 0, 0, 0, 0, 0, 0, 0, 0, 0, 0, 0, 0, 0, 0, 0]
(43152, 9900, 4.358787878787878, 4, 3, 20)
[2143.6529166666664, 1173.540865384615, 515.5471022727272, 382.52258248799023, 261.4037393880634, 212.31704526200113, 174.6176527964075, 128.7000454947799, 104.89367631139046, 90.79942312252115, 74.52594351117843, 63.0793215295893, 
50.249881342468235, 44.71793735308243, 45.00148430766292, 36.60196423002059, 32.54546205640372, 29.861223623789076, 26.40071977335575, 24.04194108776932, 23.375958170953588, 21.61656480946733, 18.551367456527675]

100 个节点, ID 12 位
[4, 728, 1669, 1741, 1776, 1289, 938, 630, 411, 274, 159, 111, 65, 42, 29, 13, 6, 8, 3, 2, 1, 1, 0, 0, 0, 0, 0, 0, 0, 0, 0, 0, 0, 0, 0, 0, 0, 0, 0, 0, 0, 0, 0, 0, 0, 0, 0, 0, 0, 0, 0, 0, 0, 0, 0, 0, 0, 0, 0, 0, 0, 0, 0, 0, 0, 0, 0, 
0, 0, 0, 0, 0, 0, 0, 0, 0, 0, 0, 0, 0, 0, 0, 0, 0, 0, 0, 0, 0, 0, 0, 0, 0, 0, 0, 0, 0, 0, 0, 0, 0]
(43733, 9900, 4.417474747474747, 4, 4, 21)
[2299.2870833333336, 885.52501984127, 532.2699594536431, 422.6508923510066, 268.09570638000855, 185.47034644207255, 176.61414642686674, 124.52990482997231, 103.00200555389517, 77.1999101455015, 69.89774249588058, 62.73768175558963, 
51.81447164419826, 41.87249583063346, 40.005157925168916, 36.20336044372618, 31.041233082355834, 26.20485645945948, 27.604338399018854, 24.38514464284546, 21.954684082881762, 18.96196981620222, 17.594148271438595]

100 个节点, ID 16 位
[0, 754, 1552, 1854, 1684, 1312, 901, 620, 382, 278, 173, 135, 100, 54, 26, 25, 17, 13, 9, 3, 5, 2, 0, 1, 0, 0, 0, 0, 0, 0, 0, 0, 0, 0, 0, 0, 0, 0, 0, 0, 0, 0, 0, 0, 0, 0, 0, 0, 0, 0, 0, 0, 0, 0, 0, 0, 0, 0, 0, 0, 0, 0, 0, 0, 0, 0, 
0, 0, 0, 0, 0, 0, 0, 0, 0, 0, 0, 0, 0, 0, 0, 0, 0, 0, 0, 0, 0, 0, 0, 0, 0, 0, 0, 0, 0, 0, 0, 0, 0, 0]
(44753, 9900, 4.520505050505051, 4, 3, 23)
[1877.0237499999998, 712.679112739113, 460.3968985650787, 294.91069060697123, 215.94373272028594, 171.86575157764716, 144.87968783017183, 101.7838407866201, 94.58417566463082, 75.98951437415377, 61.22192481409725, 55.08134017970672, 48.54233756045332, 40.93819693384486, 37.94462939118971, 34.15148139129401, 27.331833454356172, 26.496838799588712, 24.944731446409406, 22.931285399393953, 18.89886196479145, 18.356556631528512, 16.457602113999528]

100 个节点, ID 20 位
[0, 721, 1664, 1783, 1761, 1241, 909, 558, 367, 269, 171, 147, 83, 58, 38, 36, 29, 23, 10, 6, 8, 8, 2, 5, 2, 1, 0, 0, 0, 0, 0, 0, 0, 0, 0, 0, 0, 0, 0, 0, 0, 0, 0, 0, 0, 0, 0, 0, 0, 0, 0, 0, 0, 0, 0, 0, 0, 0, 0, 0, 0, 0, 0, 0, 0, 0, 
0, 0, 0, 0, 0, 0, 0, 0, 0, 0, 0, 0, 0, 0, 0, 0, 0, 0, 0, 0, 0, 0, 0, 0, 0, 0, 0, 0, 0, 0, 0, 0, 0, 0]
(45222, 9900, 4.567878787878788, 4, 3, 25)
[1799.8843253968255, 886.7664844877345, 501.22381197744244, 373.3554640845983, 197.5250209748891, 164.64515660946049, 124.48669726157895, 109.50098948531166, 80.63292484383825, 81.46451563960296, 58.48830240545812, 54.25601578905695, 50.25741660648238, 40.22345478736859, 37.323279360655825, 33.54478430074749, 29.25538293378876, 25.19274521822037, 22.70332599605303, 21.343562293881718, 19.01814573599078, 17.851979463816065, 16.239817815367857]


100 个节点, ID 24 位
[0, 727, 1595, 1749, 1690, 1319, 905, 653, 428, 263, 200, 128, 73, 50, 23, 32, 23, 19, 7, 6, 3, 5, 1, 1, 0, 0, 0, 0, 0, 0, 0, 0, 0, 0, 0, 0, 0, 0, 0, 0, 0, 0, 0, 0, 0, 0, 0, 0, 0, 0, 0, 0, 0, 0, 0, 0, 0, 0, 0, 0, 0, 0, 0, 0, 0, 0, 0, 0, 0, 0, 0, 0, 0, 0, 0, 0, 0, 0, 0, 0, 0, 0, 0, 0, 0, 0, 0, 0, 0, 0, 0, 0, 0, 0, 0, 0, 0, 0, 0, 0]
(45188, 9900, 4.564444444444445, 4, 3, 23)
[1213.1392857142857, 737.0578042328044, 532.2011233435684, 282.90186999649455, 207.51269322408513, 164.24379424843028, 136.33938026926805, 113.95096924750683, 84.89396608536507, 70.31803967936759, 66.9843283410082, 54.36885805647325, 49.91895682813107, 41.610696462717556, 37.42301907715585, 31.033758688088067, 29.483024499959292, 27.066463540955493, 24.0208262444264, 22.847466752464143, 21.641117172992406, 18.709121379936658, 16.14048614980568]

100 个节点, ID 28 位
[0, 719, 1663, 1830, 1656, 1318, 889, 627, 467, 265, 178, 127, 69, 36, 24, 15, 10, 4, 3, 0, 0, 0, 0, 0, 0, 0, 0, 0, 0, 0, 0, 0, 0, 0, 0, 0, 0, 0, 0, 0, 0, 0, 0, 0, 0, 0, 0, 0, 0, 0, 0, 0, 0, 0, 0, 0, 0, 0, 0, 0, 0, 0, 0, 0, 0, 0, 0, 0, 0, 0, 0, 0, 0, 0, 0, 0, 0, 0, 0, 0, 0, 0, 0, 0, 0, 0, 0, 0, 0, 0, 0, 0, 0, 0, 0, 0, 0, 0, 0, 0]
(43909, 9900, 4.435252525252525, 4, 3, 18)
[1716.7428571428572, 1089.8678382728383, 521.7420039682542, 391.66005720990404, 252.41751813338587, 188.28843367225147, 162.74707082882722, 109.15953945946742, 91.52521486039562, 78.08339857566682, 69.72186161232564, 58.628964089033666, 49.84559197068457, 44.365092737861595, 37.795303895969184, 33.75881762355154, 29.317980880238526, 26.827085009218827, 26.987157766754123, 23.546443035492157, 19.176932387708327, 18.349303887550313, 17.50413107387575]

100 个节点, ID 32 位
[0, 718, 1706, 1770, 1756, 1353, 937, 611, 346, 220, 147, 95, 69, 36, 27, 25, 23, 14, 12, 8, 14, 3, 3, 2, 4, 1, 0, 0, 0, 0, 0, 0, 0, 0, 0, 0, 0, 0, 0, 0, 0, 0, 0, 0, 0, 0, 0, 0, 0, 0, 0, 0, 0, 0, 0, 0, 0, 0, 0, 0, 0, 0, 0, 0, 0, 0, 
0, 0, 0, 0, 0, 0, 0, 0, 0, 0, 0, 0, 0, 0, 0, 0, 0, 0, 0, 0, 0, 0, 0, 0, 0, 0, 0, 0, 0, 0, 0, 0, 0, 0]
(43990, 9900, 4.443434343434343, 4, 3, 25)
[1863.6979166666667, 884.9104292929295, 527.873587140199, 392.92067451987447, 273.69346743821893, 213.43778514576942, 154.7153599495044, 128.13846049588767, 96.01232426576054, 82.86368391970652, 60.06378939753415, 55.56062189469909, 48.68192557724665, 43.91386459266323, 37.93563099842642, 33.26281402912289, 26.933520899396616, 25.684517171706982, 23.439207244741816, 21.57080492542992, 19.83728966008719, 18.924364578433387, 16.57556305727961]

100 个节点, ID 40 位
[0, 777, 1724, 1790, 1635, 1218, 890, 605, 431, 260, 193, 125, 84, 42, 43, 30, 20, 11, 13, 4, 1, 0, 4, 0, 0, 0, 0, 0, 0, 0, 0, 0, 0, 0, 0, 0, 0, 0, 0, 0, 0, 0, 0, 0, 0, 0, 0, 0, 0, 0, 0, 0, 0, 0, 0, 0, 0, 0, 0, 0, 0, 0, 0, 0, 0, 0, 
0, 0, 0, 0, 0, 0, 0, 0, 0, 0, 0, 0, 0, 0, 0, 0, 0, 0, 0, 0, 0, 0, 0, 0, 0, 0, 0, 0, 0, 0, 0, 0, 0, 0]
(44424, 9900, 4.487272727272727, 4, 3, 22)
[1503.7821428571428, 845.6242302604804, 567.077515800172, 343.5409002653471, 214.2966672071431, 179.6803443581967, 141.81464674905618, 125.03023168481214, 95.74027006881312, 80.24397044790783, 75.09088673739421, 57.04363641003144, 54.34715325431681, 44.95034527307957, 38.48349494819144, 33.392359572141366, 30.5220008739237, 27.5231592335847, 25.307632946636875, 21.656352294368414, 21.18494364110813, 19.058248653504457, 17.283294044489026]

100 个节点, ID 60 位
[0, 719, 1688, 1694, 1713, 1336, 987, 609, 383, 285, 184, 118, 71, 50, 32, 10, 9, 1, 4, 5, 2, 0, 0, 0, 0, 0, 0, 0, 0, 0, 0, 0, 0, 0, 0, 0, 0, 0, 0, 0, 0, 0, 0, 0, 0, 0, 0, 0, 0, 0, 0, 0, 0, 0, 0, 0, 0, 0, 0, 0, 0, 0, 0, 0, 0, 0, 0, 
0, 0, 0, 0, 0, 0, 0, 0, 0, 0, 0, 0, 0, 0, 0, 0, 0, 0, 0, 0, 0, 0, 0, 0, 0, 0, 0, 0, 0, 0, 0, 0, 0]
(44129, 9900, 4.457474747474747, 4, 4, 20)
[2333.5575, 848.1451591926593, 606.580422817907, 330.4186936293411, 254.396801043118, 192.55855801236171, 169.34829579608834, 107.06925073406794, 96.66030820177774, 75.85137669661397, 62.259986997685154, 55.45986050460828, 56.552510522494366, 45.922898692125216, 42.00138854512447, 32.619081251754864, 32.549918573362234, 28.498892425680644, 23.035853195693694, 24.013524518373472, 21.58013364778568, 19.180310170009747, 17.264488506747444]

100 个节点, ID 80 位
[0, 756, 1676, 1802, 1621, 1228, 924, 600, 403, 287, 144, 110, 87, 63, 28, 39, 32, 23, 9, 22, 9, 14, 10, 4, 4, 2, 2, 0, 1, 0, 0, 0, 0, 0, 0, 0, 0, 0, 0, 0, 0, 0, 0, 0, 0, 0, 0, 0, 0, 0, 0, 0, 0, 0, 0, 0, 0, 0, 0, 0, 0, 0, 0, 0, 0, 0, 0, 0, 0, 0, 0, 0, 0, 0, 0, 0, 0, 0, 0, 0, 0, 0, 0, 0, 0, 0, 0, 0, 0, 0, 0, 0, 0, 0, 0, 0, 0, 0, 0, 0]
(45674, 9900, 4.613535353535354, 4, 3, 28)
[1471.2083333333328, 1018.2306287163989, 523.3589263493857, 279.87111594867116, 246.0260962645794, 189.0393042489377, 126.33621100421792, 112.4198405985811, 86.3855557634655, 73.15059094993762, 62.40159898960147, 54.797104937105296, 45.72663567595346, 40.59814480447355, 36.860385297570446, 31.431102369462597, 31.262621287068693, 25.97939823965311, 24.128737164457917, 21.237085580141297, 19.636087436559592, 18.403131416772748, 18.51113418379172]

100 个节点, ID 100 位
[0, 709, 1674, 1794, 1672, 1337, 920, 622, 417, 251, 169, 130, 70, 34, 37, 25, 13, 9, 6, 5, 3, 3, 0, 0, 0, 0, 0, 0, 0, 0, 0, 0, 0, 0, 0, 0, 0, 0, 0, 0, 0, 0, 0, 0, 0, 0, 0, 0, 0, 0, 0, 0, 0, 0, 0, 0, 0, 0, 0, 0, 0, 0, 0, 0, 0, 0, 0, 0, 0, 0, 0, 0, 0, 0, 0, 0, 0, 0, 0, 0, 0, 0, 0, 0, 0, 0, 0, 0, 0, 0, 0, 0, 0, 0, 0, 0, 0, 0, 0, 0]
(44263, 9900, 4.471010101010101, 4, 3, 21)
[1457.2907738095237, 734.681283068783, 519.0691214931301, 309.3302237364545, 214.41579102785406, 183.38434497451516, 131.57023259047412, 120.22146119720088, 97.2359286776326, 83.33564496553824, 69.18612316473845, 56.70315923679806, 
48.64009696351843, 40.85563279084869, 36.04354790740787, 36.18668290587311, 30.141130772571994, 29.81057473170049, 24.788323127801554, 22.79663729249963, 19.514275913302658, 19.17114053405735, 16.812908815323603]

100 个节点, ID 120 位
[0, 724, 1610, 1780, 1592, 1298, 935, 608, 428, 270, 152, 141, 85, 81, 50, 53, 28, 30, 15, 12, 2, 4, 1, 1, 0, 0, 0, 0, 0, 0, 0, 0, 0, 0, 0, 0, 0, 0, 0, 0, 0, 0, 0, 0, 0, 0, 0, 0, 0, 0, 0, 0, 0, 0, 0, 0, 0, 0, 0, 0, 0, 0, 0, 0, 0, 0, 0, 0, 0, 0, 0, 0, 0, 0, 0, 0, 0, 0, 0, 0, 0, 0, 0, 0, 0, 0, 0, 0, 0, 0, 0, 0, 0, 0, 0, 0, 0, 0, 0, 0]
(46126, 9900, 4.659191919191919, 4, 3, 23)
[1761.4858333333334, 638.7546164021165, 418.48666178485263, 377.24984248656733, 242.4738840188322, 190.39906849694924, 134.86249156274033, 105.806131904577, 86.86505675516167, 71.74850378368517, 62.71787442299162, 53.92864982405019, 43.686025042918914, 39.59098219025393, 32.54123763687009, 33.06149703576536, 30.412936541065584, 27.95985333958, 23.8883852661017, 20.464230404780885, 18.7330596635167, 15.785711809425289, 16.573887643108478]

100 个节点, ID 140 位
[0, 692, 1705, 1804, 1751, 1298, 906, 617, 400, 267, 197, 90, 74, 39, 31, 15, 2, 5, 4, 2, 0, 0, 1, 0, 0, 0, 0, 0, 0, 0, 0, 0, 0, 0, 0, 0, 0, 0, 0, 0, 0, 0, 0, 0, 0, 0, 0, 0, 0, 0, 0, 0, 0, 0, 0, 0, 0, 0, 0, 0, 0, 0, 0, 0, 0, 0, 0, 0, 0, 0, 0, 0, 0, 0, 0, 0, 0, 0, 0, 0, 0, 0, 0, 0, 0, 0, 0, 0, 0, 0, 0, 0, 0, 0, 0, 0, 0, 0, 0, 0]
(43629, 9900, 4.406969696969697, 4, 3, 22)
[1437.5505555555555, 1085.2683742183744, 471.8764786255412, 281.02025701683925, 221.8893833451278, 179.6451759808253, 157.17783011965557, 126.76462872402342, 97.7137297263609, 79.75590006225744, 67.64281027295887, 59.46128680231025, 51.21785441452058, 48.162491267173934, 41.0385346970781, 33.13117206640167, 30.40245544064627, 28.689656500632058, 23.91364895687609, 20.876609033584025, 20.52451185849911, 18.852480439025552, 17.383156395077172

100 个节点, ID 160 位
[0, 688, 1592, 1740, 1679, 1320, 1003, 640, 450, 304, 201, 114, 68, 47, 20, 12, 12, 2, 5, 2, 1, 0, 0, 0, 0, 0, 0, 0, 0, 0, 0, 0, 0, 0, 0, 0, 0, 0, 0, 0, 0, 0, 0, 0, 0, 0, 0, 0, 0, 0, 0, 0, 0, 0, 0, 0, 0, 0, 0, 0, 0, 0, 0, 0, 0, 0, 0, 0, 0, 0, 0, 0, 0, 0, 0, 0, 0, 0, 0, 0, 0, 0, 0, 0, 0, 0, 0, 0, 0, 0, 0, 0, 0, 0, 0, 0, 0, 0, 0, 0]
(44767, 9900, 4.521919191919192, 4, 3, 20)
[1852.7166666666672, 714.8226485551485, 479.42992945730356, 328.433080162972, 204.2791866005675, 154.6008513620089, 129.44934003004914, 113.35613340799783, 85.70520418201764, 65.56770903298133, 63.2177978274531, 59.89405114997147, 47.331757509998205, 41.92818654578053, 33.93188509133077, 33.38706970194526, 29.60240675782075, 26.746368052955923, 23.237344532067386, 23.011995677766144, 20.58720455146808, 18.088093353127103, 17.27265411426867]
