200 个节点, ID 8 位
[134, 2256, 5078, 5746, 6332, 5399, 4445, 3407, 2436, 1571, 1103, 695, 477, 286, 185, 95, 62, 40, 20, 10, 6, 7, 4, 4, 0, 1, 0, 1, 0, 0, 0, 0, 0, 0, 0, 0, 0, 0, 0, 0, 0, 0, 0, 0, 0, 0, 0, 0, 0, 0, 0, 0, 0, 0, 0, 0, 0, 0, 0, 0, 0, 0, 
0, 0, 0, 0, 0, 0, 0, 0, 0, 0, 0, 0, 0, 0, 0, 0, 0, 0, 0, 0, 0, 0, 0, 0, 0, 0, 0, 0, 0, 0, 0, 0, 0, 0, 0, 0, 0, 0, 0, 0, 0, 0, 0, 0, 0, 0, 0, 0, 0, 0, 0, 0, 0, 0, 0, 0, 0, 0, 0, 0, 0, 0, 0, 0, 0, 0, 0, 0, 0, 0, 0, 0, 0, 0, 0, 0, 0, 0, 0, 0, 0, 0, 0, 0, 0, 0, 0, 0, 0, 0, 0, 0, 0, 0, 0, 0, 0, 0, 0, 0, 0, 0, 0, 0, 0, 0, 0, 0, 0, 0, 0, 0, 0, 0, 0, 0, 0, 0, 0, 0, 0, 0, 0, 0, 0, 0, 0, 0, 0, 0, 0, 0, 0, 0, 0, 0, 0, 0]
(200972, 39800, 5.049547738693468, 5, 4, 27)
[2329.0150000000003, 1250.8946362433862, 860.2895062229438, 613.5725687531426, 383.2003472862462, 257.4591707433801, 263.9652296394325, 189.78620497422682, 161.5802464941266, 132.2044807648562, 111.4509184295286, 97.28266856720334, 
93.7668090939171, 74.57799618660292, 67.17465558660925, 57.174936278344624, 51.94149762260299, 49.87064133752532, 44.01850698615388, 37.605039602003814, 35.089256938505905, 31.812008796405188, 29.03293199776817]

200 个节点, ID 12 位
[8, 1628, 4390, 5524, 6222, 5545, 4582, 3605, 2716, 1864, 1278, 873, 556, 384, 240, 127, 100, 52, 40, 26, 20, 15, 3, 2, 0, 0, 0, 0, 0, 0, 0, 0, 0, 0, 0, 0, 0, 0, 0, 0, 0, 0, 0, 0, 0, 0, 0, 0, 0, 0, 0, 0, 0, 0, 0, 0, 0, 0, 0, 0, 0, 0, 0, 0, 0, 0, 0, 0, 0, 0, 0, 0, 0, 0, 0, 0, 0, 0, 0, 0, 0, 0, 0, 0, 0, 0, 0, 0, 0, 0, 0, 0, 0, 0, 0, 0, 0, 0, 0, 0, 0, 0, 0, 0, 0, 0, 0, 0, 0, 0, 0, 0, 0, 0, 0, 0, 0, 0, 0, 0, 0, 0, 0, 0, 0, 0, 0, 0, 0, 0, 0, 0, 0, 0, 0, 0, 0, 0, 0, 0, 0, 0, 0, 0, 0, 0, 0, 0, 0, 0, 0, 0, 0, 0, 0, 0, 0, 0, 0, 0, 0, 0, 0, 0, 0, 0, 0, 0, 0, 0, 0, 0, 0, 0, 0, 0, 0, 0, 0, 0, 0, 0, 0, 0, 0, 0, 0, 0, 0, 0, 0, 0, 0, 0, 0, 0, 0, 0, 0, 0]
(214661, 39800, 5.393492462311558, 5, 4, 23)
[1366.2479166666667, 925.3863095238095, 666.0655530753968, 468.5955170662669, 286.3038689231816, 241.90457579221464, 179.72491467933298, 144.75871351302558, 135.63797649732135, 104.80504037165197, 84.84032989104587, 79.45578700589428, 66.98477066285544, 60.572601648482305, 54.331704729311824, 47.899574105383046, 42.09581460275218, 35.289780143611004, 32.31785034367654, 29.417019463912368, 29.055090301758437, 25.462426569959263, 24.331596235277555]

200 个节点, ID 16 位
[0, 1639, 4573, 5916, 6408, 5718, 4467, 3443, 2482, 1736, 1195, 790, 541, 343, 216, 131, 80, 54, 28, 13, 13, 7, 2, 1, 1, 1, 0, 1, 0, 0, 1, 0, 0, 0, 0, 0, 0, 0, 0, 0, 0, 0, 0, 0, 0, 0, 0, 0, 0, 0, 0, 0, 0, 0, 0, 0, 0, 0, 0, 0, 0, 0, 
0, 0, 0, 0, 0, 0, 0, 0, 0, 0, 0, 0, 0, 0, 0, 0, 0, 0, 0, 0, 0, 0, 0, 0, 0, 0, 0, 0, 0, 0, 0, 0, 0, 0, 0, 0, 0, 0, 0, 0, 0, 0, 0, 0, 0, 0, 0, 0, 0, 0, 0, 0, 0, 0, 0, 0, 0, 0, 0, 0, 0, 0, 0, 0, 0, 0, 0, 0, 0, 0, 0, 0, 0, 0, 0, 0, 0, 0, 0, 0, 0, 0, 0, 0, 0, 0, 0, 0, 0, 0, 0, 0, 0, 0, 0, 0, 0, 0, 0, 0, 0, 0, 0, 0, 0, 0, 0, 0, 0, 0, 0, 0, 0, 0, 0, 0, 0, 0, 0, 0, 0, 0, 0, 0, 0, 0, 0, 0, 0, 0, 0, 0, 0, 0, 0, 0, 0, 0]
(209247, 39800, 5.257462311557789, 5, 4, 30)
[2467.4591666666665, 987.0494444444445, 853.8101152146464, 416.0310486621222, 328.4151856762162, 218.38766546283475, 189.9719130136174, 165.55907347198988, 129.72792521166062, 110.59669649818066, 93.59022567067477, 79.50211841053638, 70.03121591596293, 64.48451144378042, 54.25499543033409, 47.01052876965555, 45.633008645985605, 38.97119722346134, 37.4697753052243, 31.382495031198324, 29.87029042950041, 25.593060722387687, 24.317567761539525]

200 个节点, ID 20 位
[0, 1680, 4501, 5941, 6577, 5922, 4735, 3443, 2381, 1527, 1033, 755, 433, 304, 198, 122, 88, 57, 40, 17, 12, 16, 7, 5, 2, 0, 3, 0, 1, 0, 0, 0, 0, 0, 0, 0, 0, 0, 0, 0, 0, 0, 0, 0, 0, 0, 0, 0, 0, 0, 0, 0, 0, 0, 0, 0, 0, 0, 0, 0, 0, 0, 0, 0, 0, 0, 0, 0, 0, 0, 0, 0, 0, 0, 0, 0, 0, 0, 0, 0, 0, 0, 0, 0, 0, 0, 0, 0, 0, 0, 0, 0, 0, 0, 0, 0, 0, 0, 0, 0, 0, 0, 0, 0, 0, 0, 0, 0, 0, 0, 0, 0, 0, 0, 0, 0, 0, 0, 0, 0, 0, 0, 0, 0, 0, 0, 0, 0, 0, 0, 0, 0, 0, 0, 0, 0, 0, 0, 0, 
0, 0, 0, 0, 0, 0, 0, 0, 0, 0, 0, 0, 0, 0, 0, 0, 0, 0, 0, 0, 0, 0, 0, 0, 0, 0, 0, 0, 0, 0, 0, 0, 0, 0, 0, 0, 0, 0, 0, 0, 0, 0, 0, 0, 0, 0, 0, 0, 0, 0, 0, 0, 0, 0, 0, 0, 0, 0, 0, 0, 0]
(206529, 39800, 5.189170854271357, 5, 4, 28)
[2044.2916666666665, 1191.5595833333334, 608.2411106601733, 426.6563150773205, 347.83201879016957, 233.80668576484396, 196.04611837704573, 147.61649935073913, 133.6654138832024, 112.24461108382025, 89.40748310977527, 79.50207690478841, 68.33344515858602, 61.5884855009273, 55.72030204688065, 46.81192742118291, 44.6460679142466, 38.908800681518166, 36.16493148472885, 31.51064950070765, 29.53415386304808, 27.262918564995474, 23.68022886250673]

200 个节点, ID 24 位
[0, 1598, 4400, 6000, 6110, 5756, 4546, 3522, 2554, 1671, 1214, 803, 521, 377, 232, 185, 108, 77, 46, 34, 21, 11, 6, 2, 2, 3, 0, 1, 0, 0, 0, 0, 0, 0, 0, 0, 0, 0, 0, 0, 0, 0, 0, 0, 0, 0, 0, 0, 0, 0, 0, 0, 0, 0, 0, 0, 0, 0, 0, 0, 0, 0, 0, 0, 0, 0, 0, 0, 0, 0, 0, 0, 0, 0, 0, 0, 0, 0, 0, 0, 0, 0, 0, 0, 0, 0, 0, 0, 0, 0, 0, 0, 0, 0, 0, 0, 0, 0, 0, 0, 0, 0, 0, 0, 0, 0, 0, 0, 0, 0, 0, 0, 0, 0, 0, 0, 0, 0, 0, 0, 0, 0, 0, 0, 0, 0, 0, 0, 0, 0, 0, 0, 0, 0, 0, 0, 0, 0, 0, 0, 0, 0, 0, 0, 0, 0, 0, 0, 0, 0, 0, 0, 0, 0, 0, 0, 0, 0, 0, 0, 0, 0, 0, 0, 0, 0, 0, 0, 0, 0, 0, 0, 0, 0, 0, 0, 0, 0, 0, 0, 0, 0, 0, 0, 0, 0, 0, 0, 0, 0, 0, 0, 0, 0, 0, 0, 0, 0, 0, 0]
(212658, 39800, 5.343165829145729, 5, 4, 27)
[1675.3783333333333, 864.1725320512821, 577.7871081349206, 429.9815064587116, 349.7374139374542, 274.5960793719549, 190.34202987435896, 149.20579892351483, 119.7965987668471, 112.71915706474765, 82.07699098918629, 75.33127780558863, 71.96634849935434, 57.52204382833032, 56.24601264843926, 40.690972842220255, 44.00759605342089, 35.78301333521258, 31.767993849483137, 29.261612109200005, 27.10654369053022, 25.296783435401398, 23.017176478938282]

200 个节点, ID 28 位
[0, 1651, 4726, 6177, 6296, 5674, 4497, 3256, 2348, 1576, 1168, 748, 555, 392, 246, 154, 106, 83, 44, 37, 25, 18, 6, 6, 5, 3, 1, 1, 1, 0, 0, 0, 0, 0, 0, 0, 0, 0, 0, 0, 0, 0, 0, 0, 0, 0, 0, 0, 0, 0, 0, 0, 0, 0, 0, 0, 0, 0, 0, 0, 0, 0, 0, 0, 0, 0, 0, 0, 0, 0, 0, 0, 0, 0, 0, 0, 0, 0, 0, 0, 0, 0, 0, 0, 0, 0, 0, 0, 0, 0, 0, 0, 0, 0, 0, 0, 0, 0, 0, 0, 0, 0, 0, 0, 0, 0, 0, 0, 0, 0, 0, 0, 0, 0, 0, 0, 0, 0, 0, 0, 0, 0, 0, 0, 0, 0, 0, 0, 0, 0, 0, 0, 0, 0, 0, 0, 0, 0, 0, 0, 0, 0, 0, 0, 0, 0, 0, 0, 0, 0, 0, 0, 0, 0, 0, 0, 0, 0, 0, 0, 0, 0, 0, 0, 0, 0, 0, 0, 0, 0, 0, 0, 0, 0, 0, 0, 0, 0, 0, 0, 0, 0, 0, 0, 0, 0, 0, 0, 0, 0, 0, 0, 0, 0, 0, 0, 0, 0, 0, 0]
(209374, 39800, 5.2606532663316585, 5, 4, 28)
[1674.7041666666664, 1132.250853174603, 769.062723124098, 500.38358789506964, 317.09913529676146, 313.5205289632644, 193.1810031199194, 172.01957379422288, 127.27961445713254, 114.30060559984719, 95.03559845608925, 79.11735302115561, 66.58901594323362, 59.66146020591588, 58.99700776171075, 47.60300072599159, 42.16699042213181, 37.240080774838006, 35.546622949115424, 31.136778674206496, 28.655107985714512, 25.81579209835142, 23.559847144299756]

200 个节点, ID 40 位
[0, 1653, 4431, 5896, 6411, 5870, 4644, 3419, 2499, 1682, 1119, 723, 449, 344, 211, 128, 102, 69, 60, 35, 20, 13, 7, 8, 3, 3, 1, 0, 0, 0, 0, 0, 0, 0, 0, 0, 0, 0, 0, 0, 0, 0, 0, 0, 0, 0, 0, 0, 0, 0, 0, 0, 0, 0, 0, 0, 0, 0, 0, 0, 0, 0, 0, 0, 0, 0, 0, 0, 0, 0, 0, 0, 0, 0, 0, 0, 0, 0, 0, 0, 0, 0, 0, 0, 0, 0, 0, 0, 0, 0, 0, 0, 0, 0, 0, 0, 0, 0, 0, 0, 0, 0, 0, 0, 0, 0, 0, 0, 0, 0, 0, 0, 0, 0, 0, 0, 0, 0, 0, 0, 0, 0, 0, 0, 0, 0, 0, 0, 0, 0, 0, 0, 0, 0, 0, 0, 0, 0, 0, 0, 0, 0, 0, 0, 0, 0, 0, 0, 0, 0, 0, 0, 0, 0, 0, 0, 0, 0, 0, 0, 0, 0, 0, 0, 0, 0, 0, 0, 0, 0, 0, 0, 0, 0, 0, 0, 0, 0, 0, 0, 0, 0, 0, 0, 0, 0, 0, 0, 0, 0, 0, 0, 0, 0, 0, 0, 0, 0, 0, 0]
(209735, 39800, 5.2697236180904525, 5, 4, 26)
[1567.9229166666669, 1093.0797222222222, 583.9548565323564, 507.2577445635194, 357.7167817583651, 258.90868582105685, 212.16283984111982, 152.86281937518316, 136.68050262040094, 113.73194041547728, 95.70514207993138, 78.84716464916178, 62.84421677566093, 56.42398150567318, 54.507554295177464, 45.16016259261854, 42.01672440081645, 38.72166998960912, 32.88500586211132, 31.095461529035735, 29.935820988955058, 26.603061588883076, 23.541968024581035]

200 个节点, ID 60 位
[0, 1664, 4475, 5947, 6378, 5689, 4708, 3335, 2481, 1677, 1183, 792, 493, 364, 222, 134, 80, 62, 50, 29, 14, 9, 3, 3, 3, 1, 2, 2, 0, 0, 0, 0, 0, 0, 0, 0, 0, 0, 0, 0, 0, 0, 0, 0, 0, 0, 0, 0, 0, 0, 0, 0, 0, 0, 0, 0, 0, 0, 0, 0, 0, 0, 
0, 0, 0, 0, 0, 0, 0, 0, 0, 0, 0, 0, 0, 0, 0, 0, 0, 0, 0, 0, 0, 0, 0, 0, 0, 0, 0, 0, 0, 0, 0, 0, 0, 0, 0, 0, 0, 0, 0, 0, 0, 0, 0, 0, 0, 0, 0, 0, 0, 0, 0, 0, 0, 0, 0, 0, 0, 0, 0, 0, 0, 0, 0, 0, 0, 0, 0, 0, 0, 0, 0, 0, 0, 0, 0, 0, 0, 0, 0, 0, 0, 0, 0, 0, 0, 0, 0, 0, 0, 0, 0, 0, 0, 0, 0, 0, 0, 0, 0, 0, 0, 0, 0, 0, 0, 0, 0, 0, 0, 0, 0, 0, 0, 0, 0, 0, 0, 0, 0, 0, 0, 0, 0, 0, 0, 0, 0, 0, 0, 0, 0, 0, 0, 0, 0, 0, 0, 0]
(209846, 39800, 5.272512562814071, 5, 4, 27)
[1821.26125, 1252.6996926548397, 818.0747275253341, 410.7281291747469, 338.379888272967, 236.77265581336385, 202.90407002439974, 140.38992123539714, 126.51674063123437, 114.39597344481645, 91.42393403997485, 77.80408778115581, 69.97285058951677, 61.88475216201743, 48.33755196472867, 48.108342452380775, 40.581766735069195, 38.78790602457328, 36.58779850738213, 32.112164318150924, 27.858138674109217, 28.067372143387804, 27.389060547723968]

200 个节点, ID 80 位
[0, 1611, 4768, 6079, 6284, 5695, 4428, 3258, 2332, 1688, 1196, 843, 571, 389, 246, 152, 102, 54, 40, 23, 18, 9, 7, 2, 1, 2, 1, 1, 0, 0, 0, 0, 0, 0, 0, 0, 0, 0, 0, 0, 0, 0, 0, 0, 0, 0, 0, 0, 0, 0, 0, 0, 0, 0, 0, 0, 0, 0, 0, 0, 0, 0, 0, 0, 0, 0, 0, 0, 0, 0, 0, 0, 0, 0, 0, 0, 0, 0, 0, 0, 0, 0, 0, 0, 0, 0, 0, 0, 0, 0, 0, 0, 0, 0, 0, 0, 0, 0, 0, 0, 0, 0, 0, 0, 0, 0, 0, 0, 0, 0, 0, 0, 0, 0, 0, 0, 0, 0, 0, 0, 0, 0, 0, 0, 0, 0, 0, 0, 0, 0, 0, 0, 0, 0, 0, 0, 0, 0, 0, 
0, 0, 0, 0, 0, 0, 0, 0, 0, 0, 0, 0, 0, 0, 0, 0, 0, 0, 0, 0, 0, 0, 0, 0, 0, 0, 0, 0, 0, 0, 0, 0, 0, 0, 0, 0, 0, 0, 0, 0, 0, 0, 0, 0, 0, 0, 0, 0, 0, 0, 0, 0, 0, 0, 0, 0, 0, 0, 0, 0, 0]
(209666, 39800, 5.267989949748744, 5, 4, 27)
[2096.0041666666666, 1030.0879545454545, 666.3548033952416, 493.3966121863172, 336.72225938010996, 283.7708726197955, 186.05736356447048, 169.08496183984457, 139.3478483629937, 114.80379456843407, 103.36426320917909, 92.11185136160036, 75.78507544676081, 62.28942318661323, 53.21186027784753, 50.281973233049875, 45.40437942176202, 40.265166381101864, 33.756796606476236, 30.401445439047507, 29.103040869049362, 27.086220221131605, 25.131092104828806]

