1010
3876
6208
10163
226
10145
22907
20642
6130
11749
17730
13560
2559
1221
4305
6185
5350
1598
81
1212
24546
61649
10275
49324
60932
47785
5302
28678
18994
2647
3635
6763
1115
331
2331
11038
26994
65847
31754
31014
36361
692
30312
33668
126
5034
9042
19536
1200
3532
927
2281
20841
32900
920
47501
46775
32806
6832
4731
5509
1316
11804
12324
43240
11742
1879
5793
8072
9250
2203
10879
20459
11881
9970
8885
9692
2569
399
15995
625
11485
716
48113
10656
83369
4772
114
10284
44075
113
57335
2519
108
31743
1772
9097
2022
6199
3211
20211
382
5176
8587
2154
30539
24778
25456
7264
6176
110
38543
4347
10379
4285
277
273
19958
26953
21242
20508
25008
19061
28116
20930
31409
20381
18521
3352
23122
1318
204
64899
1381
314
62
5091
259
2059
1338
12526
11683
41797
6714
2979
1105
1890
2285
3022
274
5801
4004
781
53
2154
1029
2557
37452
8919
539
3430
9937
4401
518
1931
807
109
7892
3358
10007
16264
1874
4941
64921
62978
578
31798
25121
5070
18456
3944
8194
2153
2688
8014
1297
3039
5252
2999
579
5057
1079
1230
18568
2676
9770
10834
6857
526
15837
6041
1056
1076
12636
14708
4288
18940
5878
29033
453
803
9214
29463
4871
7371
14013
2815
2265
54
104
11082
629
11775
29824
1633
11653
10554
26986
29920
2385
8203
9965
1951
3925
13045
5320
9619
12102
11219
12380
14218
536
1039
707
7060
9403
5001
1871
2381
110
1905
7034
37898
1325
10377
49212
656
1420
572
8017
917
956
1447
1402
112
695
1062
1021
1109
921
2636
10462
577
1065
1251
5765
595
9742
2409
3188
2193
26113
1333
11765
7656
2456
946
5081
525
23625
3461
5140
7350
3691
14304
2498
4996
11274
4134
7762
31867
6374
22728
13533
30934
6708
8817
6962
4546
5124
2629
2251
628
2020
69103
56472
26855
48034
23200
24226
23886
74281
22280
30336
66752
20870
3963
10598
11745
38639
6422
3118
11831
77
20333
37787
177
5838
1318
3714
2989
18205
18577
21268
20988
51321
50495
31885
6008
5883
23105
35232
42217
3980
4130
18833
4866
21808
18652
36196
49447
4816
109
6133
5263
841
6751
2118
3504
12300
62143
526
5115
9149
2003
17976
13722
5963
12160
11933
8048
18210
13483
13435
18411
18724
8177
4686
9742
10213
9645
17832
17814
8230
7586
6297
10860
5401
11638
7254
6438
6039
3680
8747
9697
10586
7809
9504
9988
2341
4936
9949
13699
11219
10943
9999
11214
10330
2754
2957
15735
18095
18377
1062
945
407
107
3865
8999
11627
6018
2942
37313
967
3476
9434
64624
9545
317
61673
7291
32961
619
11462
3888
600
907
3056
12761
23176
12121
324
4196
4256
4129
4570
2586
4153
5116
8011
12237
1349
5635
44511
37218
21026
32734
24818
33011
27549
20948
18340
21936
19810
5155
6753
0
1411
10498
37619
22682
4341
1027
446
8362
19344
33239
842
8102
2634
7451
36509
2155
951
4357
60927
2324
3454
83
11007
220
9616
3134
16125
23589
26656
20125
10747
11057
2119
7798
64268
5396
2202
932
24755
2283
767
4144
1426
27272
11083
17559
1382
1333
1127
923
1357
7594
12951
765
1686
76
22566
10703
1077
3514
0
2315
4881
2233
14406
6798
7515
5901
44660
32958
21577
8294
60497
8728
22500
26271
11069
18860
49430
21671
13026
33149
9806
39527
52553
22809
52626
22757
9505
35917
30342
16994
28861
49877
1357
13745
11049
1340
115
5391
62851
31410
15514
30277
15496
15552
31841
13281
11125
1128
39141
17615
2963
39611
72431
818
11844
1390
19536
4704
8973
4286
8155
8914
23051
57184
24652
1059
294
219
1068
37124
7125
69623
61527
10806
702
51183
10317
3203
20330
12708
2048
6056
46326
11506
107
2369
10038
1835
1068
47494
5986
5091
20115
3654
3699
18328
519
535
1252
58423
55063
7065
7085
1975
10474
551
2933
8620
144
32853
10994
1608
2707
3061
1070
1274
15624
945
447
32144
613
929
8370
6830
24300
220
637
52878
664
50792
15031
14147
0
15594
1187
11967
1357
834
11358
8017
11533
18102
11510
3117
1075
1000
3206
23001
130
861
4917
281
1049
1947
34780
5945
5856
1413
11251
2937
1424
52305
16629
10616
6223
739
272
486
1923
185
17355
23965
5776
36524
112
2399
460
513
9979
3702
2019
4694
38614
3318
18248
34812
17120
20220
847
15458
10692
11788
110
2229
17731
30676
26719
6666
5384
1780
8430
11681
0
14901
3377
30679
24030
7355
1953
3172
7293
7377
62695
10252
28388
6547
13602
15100
2794
11665
44831
15465
30724
1185
6966
110042
5618
31599
418
45804
36369
1000
26782
609
14632
64631
1262
13430
542
62490
14539
115
5771
1195
590
11497
2163
8673
2646
62
18956
7750
82
11998
5938
56166
31092
30189
44193
47262
34260
89211
22344
83157
1029
621
207
2441
63027
19967
48841
506
1552
11677
3026
4190
1364
26591
20578
29369
5639
1156
9375
41222
18003
2859
8216
10471
1056
2113
11021
9856
11873
663
15795
42501
30323
11620
155
1545
2234
68080
6650
9324
11815
11875
9528
9349
11781
217
5068
11615
5359
5362
1573
9806
109
11633
109
4321
1372
14049
5584
3973
249
5651
5664
5660
5667
4534
4511
40272
1059
990
586
2817
417
65990
532
12839
27027
18705
50431
13782
841
1044
1051
1046
1052
52273
6082
2420
695
1929
1045
1054
6064
17492
12237
511
8938
8928
196
3066
9844
5372
16103
48743
15829
880
4196
265
1246
2319
38871
57533
11338
1366
14577
903
9719
42029
12933
8631
13686
8445
3994
1091
3555
2598
2160
25117
40495
46543
13124
133
2214
968
779
9694
1684
14532
15091
1171
23530
46383
4977
52513
8397
82076
70529
62816
759
18229
1059
1928
46396
1122
9783
5792
1919
9689
5254
3845
7440
2774
7312
2758
4389
3501
20310
4880
32098
8019
5727
2727
3916
6484
7752
1026
1799
3844
1852
2385
3977
696
9585
512
6510
14915
2671
2914
18812
4433
210
325
10545
17982
2890
5457
6292
484
45563
28785
40815
36998
7734
7120
3369
54707
4256
78561
1654
11868
11652
13039
14529
1262
19439
112
6347
2853
4141
1036
11836
6047
9352
4234
1033
113
519
1762
5556
4809
31001
1582
912
519
653
2101
32041
43775
12541
58939
43799
636
28959
4123
15107
1976
5918
54996
2442
2445
2464
28776
56424
3938
1594
7802
4507
5498
17658
40365
1566
562
17461
4393
15425
33756
12216
18955
10823
52537
31655
4201
343
12734
2989
10429
2185
7507
8441
34149
11699
24147
31826
398
394
1213
252
16966
1280
1669
6103
4695
6286
18150
2981
109
24757
3003
328
18143
5752
324
485
485
13737
1192
4960
3546
11952
13024
11155
23767
2741
1734
1469
15645
5143
110
114
8804
16185
13351
10956
8125
14970
5959
114
29070
28126
615
3381
2052
11469
109
2054
11112
2978
23379
19986
25875
2970
705
1971
1936
20081
2033
2160
2193
660
9742
6514
4209
2442
3039
3800
1395
20947
2262
1262
45503
1383
0
28400
4004
391
1254
6862
4193
288
8067
9975
10242
57178
11240
6462
10643
2896
3766
81750
36449
1162
14710
276
137
6677
132
542
800
3722
579
6621
9941
22851
1951
47317
6932
109
6096
3247
88987
15877
346
7716
352
4061
17516
1509
10309
12064
3248
1209
47917
1859
0
28478
28491
28464
28566
13889
2506
64860
950
2159
1861
32313
71526
31638
27790
26854
25809
22550
19610
20118
17316
28139
22445
20533
4711
29115
29071
63752
68582
39760
62830
59404
63904
66259
34558
53402
24065
62382
16777
49403
28336
48809
34932
43093
37660
21258
59475
25564
26391
39613
30971
61674
35859
62609
32632
31178
3236
8031
6046
7044
2597
5905
3497
4868
3380
3924
488
5130
33107
110
10108
4065
15566
11523
1083
4498
3731
7322
249
1182
5861
22025
6100
35819
36074
35849
35692
22758
15021
11642
647
23519
3680
2657
997
2050
26017
235
32365
12053
3129
8654
9981
6469
336
2267
1147
28945
4157
11557
10009
10121
10876
14607
3334
12459
108
907
1339
8907
15588
2806
11080
12315
14739
3813
8575
7133
2387
486
473
19212
2023
39649
14919
6287
14539
3541
776
14409
503
2249
2239
2421
2379
2428
2555
5333
5353
4531
11720
7333
11490
11708
14664
11110
11413
1541
675
5273
494
18194
4563
19391
4902
3323
1289
1337
2329
2315
2360
15153
18278
19422
77581
19734
107677
78592
108875
108922
108014
101545
101134
98806
5889
3518
17315
5389
3741
21746
21180
2006
11188
15270
3035
1542
4241
1050
64
27063
10762
7894
5820
14426
20863
3995
1092
103
538
17821
40430
5883
5573
6382
3856
4884
11759
1214
4881
6809
4496
5615
4542
3670
4893
16127
2359
4845
13194
15165
1100
530
18247
502
74627
4163
99564
1148
1199
991
1655
20073
471
1247
5801
10781
4683
10610
610
9800
66273
11741
9850
150
16914
663
5142
3023
1513
14688
5885
11018
11057
21841
17374
19009
23885
4755
11325
15926
21020
17497
33882
4365
3334
5385
544
10891
6931
19939
9598
24118
4201
1629
2406
633
13470
17130
5600
11996
3755
16171
2657
19080
26193
289
2100
1606
1240
5226
3361
83097
11712
564
4766
43853
22880
2411
175
3381
24448
110
14788
25910
33290
35447
17055
3757
3862
10958
66500
11110
526
535
8269
841
1016
1438
1232
159
17370
7343
5555
25217
1020
51400
109
1138
485
0
26304
3788
11426
708
15707
11195
5350
50003
2415
49215
38830
1104
25125
59708
43733
64148
57940
51035
100738
44634
54916
32389
87348
63581
186785
75224
58965
41929
62996
58157
11038
20019
7396
640
2928
2426
49263
9153
9874
4162
28748
26917
26571
26242
28891
28813
7691
1376
522
13317
3306
599
10601
10611
19507
13210
3860
319
3655
1858
1070
2760
973
243
4946
3689
26688
1053
36563
9688
3177
3236
3234
3218
12888
47811
5097
425
6525
9793
772
4540
8263
2851
7981
2157
4260
4225
4411
4891
4685
4785
5057
4527
4445
5131
3964
3992
5965
5611
3845
3692
4774
4894
4565
4079
60551
8939
1771
19494
2513
5655
42846
9958
7243
3461
18344
3685
15447
0
993
5536
16193
9913
10965
16088
22768
40953
28372
27911
20284
32877
18990
11460
11655
38210
14220
8815
26165
5082
4233
6146
6878
24713
15046
1139
3986
786
7101
3547
588
2857
3158
2096
4286
4746
2290
3549
4005
3583
3443
3511
2434
7038
17723
1576
1317
2559
46221
734
607
22169
26905
26714
8697
10112
25303
34022
11780
20210
269
3908
12935
303
6548
5974
3185
11089
15256
83
1277
291
5655
21758
20129
2175
4491
7759
0
5027
10615
0
293
545
13774
10496
10758
7952
6681
590
4079
24670
25355
67843
2156
10216
25629
13949
2669
83023
1343
20342
989
62453
63121
2762
35351
1156
115
10663
10438
54422
14079
14991
10663
150170
5857
26973
6054
77625
38119
9924
4994
1548
11931
2893
21361
10703
3236
5376
1151
1536
1340
7035
13112
9085
9574
8336
26481
23095
1223
111
16806
29023
33135
925
296
45711
1064
1134
5024
75777
15340
1187
59095
50402
1198
5386
79037
6387
13361
11195
672
12073
36058
43887
559
31052
3558
79869
1130
1865
3910
443
3862
784
1065
46977
15025
5328
11296
506
5917
5426
89546
599
11395
7015
5628
97470
7450
3838
6066
31224
517
10493
24976
13021
2453
4833
2527
16953
6624
1655
31899
255
4745
12196
13042
6638
30297
956
28801
5710
5710
5714
2046
5956
1109
19457
19961
13438
4736
10498
20271
400
17577
18197
8157
5106
5002
267
1073
496
2796
6746
9072
4471
63980
2459
7488
525
508
9977
302
221
1052
271
3378
21742
5272
8786
5580
6365
567
9253
34927
20658
5066
2861
73253
10509
22270
325
21570
2175
33200
24265
575
10580
37775
65185
2097
2487
4223
1040
1209
4236
6390
5111
2677
5295
14047
7454
7241
6626
76
17876
2450
25370
20024
25383
898
1778
4194
1016
14015
6422
4850
4906
2186
16830
738
129
2104
106
1363
24675
30883
45400
11393
17609
630
546
8520
10853
7964
12730
1221
9813
2955
88361
28156
83
47225
417
215
11542
2731
5673
4700
3967
2570
9048
28020
110
3084
1051
4430
14353
1152
56334
4986
2016
923
8443
998
1167
18902
497
1309
7403
2092
3654
1212
2280
22775
2961
8401
23942
944
842
25421
2248
59848
2377
0
3249
7986
11594
5072
1129
26649
13811
9850
271
0
12486
222
7043
13678
853
1726
78341
19439
2024
28189
3095
528
10847
290
39932
2620
418
11302
5059
12289
8597
152657
12062
35848
15664
2957
773
404
1298
6240
983
649
1063
34635
263
5662
1590
279
3896
8635
8518
8065
23576
2170
2682
37964
7692
5970
14846
1618
1971
530
969
1364
4006
17394
30218
1049
140
7790
109
2030
7800
44212
12286
3029
7824
6953
10080
28930
1330
11598
11165
55327
2638
110
1324
1316
18627
27337
8518
24381
6596
480
1211
13334
84636
5259
704
1756
5456
33532
14040
13846
13913
13851
13938
13047
14078
13901
13983
14163
13916
13528
13096
13722
1226
11142
524
14685
11876
4930
10403
11842
11772
11849
14744
9404
9521
10317
9234
15155
8945
9277
27608
27515
29255
10612
19919
11146
10536
11836
8620
11537
20692
18020
15253
11817
11973
11837
11909
10661
18837
11852
10485
18432
18978
17746
15787
11856
9336
9754
18837
15252
25376
3485
11714
11856
26683
11823
11830
5040
3706
234
18772
46349
210
3025
1245
110
1586
11276
11077
6056
8239
11060
9850
4768
15642
3325
3592
5950
5930
26185
32765
33121
33246
43544
233
29230
336
1303
12243
9192
107
3854
1131
3015
112
1440
559
10133
6008
5119
1020
6315
316
112
635
1026
283
25465
4526
4978
1083
1040
82972
3842
1047
508
314
1382
34442
4459
7767
517
11589
997
270
20250
1023
848
11087
19967
50116
6886
1050
99096
474
8564
52520
1601
1289
212
13138
27958
5220
4230
36716
6623
17878
474
3025
8215
103
15619
4105
12493
23251
9951
9695
9475
9126
3828
3839
4076
3204
3709
10047
4379
3569
4038
8926
9770
10277
1111
1110
1111
1110
1112
1113
1109
1110
1109
1110
1112
1113
1110
1110
1107
1114
601
603
600
603
600
600
603
601
601
602
599
599
601
600
601
601
598
602
21069
836
16015
3060
5445
12209
1450
6153
1681
41774
3716
12847
25635
21505
83
13463
13460
13685
76212
8025
601
9524
250
25477
33214
1383
518
4085
11104
3751
17559
24752
284
3676
49262
721
49145
4883
435
109
25852
1519
1079
701
11117
13877
167
12022
692
943
4556
43058
1021
1175
18433
4225
4271
442
471
88294
27446
22720
20585
27764
2899
1452
1239
118
13818
5571
7620
7599
7639
11349
51612
116
1949
137
937
141
985
8439
69931
59022
16452
532
11157
1076
5222
384
5851
19183
111
475
2156
6098
4274
181
1033
12353
247
1827
29327
23466
1943
169
5561
1468
1215
15165
16253
1047
1887
4160
34354
52356
112
18348
143
753
14745
447
34463
107
517
10057
16550
5535
240
4521
8246
223
3583
1389
11514
5194
9565
2327
9877
3624
10773
1219
523
887
9969
2281
10343
397
298
2885
5370
24750
4099
443
11937
2099
3043
41244
11691
1078
10439
1307
11143
45882
1252
9845
2971
5228
10491
11193
1048
14329
1157
12492
24430
42871
7343
3575
1101
1212
29400
5266
7263
1243
6915
1190
29834
1221
998
7088
2573
2804
4676
1801
34955
57652
1050
12023
16458
15869
91122
24684
6514
1929
8959
40904
25200
0
0
17065
469
22387
138
9518
9406
9715
5907
607
11688
26059
5787
49554
59296
31409
57675
4147
11856
17204
322
4944
18230
1221
3138
1968
9748
695
6346
9272
2423
12050
837
44942
273
9492
6036
1973
4331
990
4556
25422
1002
9939
11010
3029
10732
31026
997
1051
12630
58322
29867
3477
109093
1568
10632
2199
16398
3179
1073
94024
1039
37524
43664
5902
4607
1493
18849
3870
26314
15715
7012
1058
40593
1175
953
2483
37656
28704
650
1308
1990
10225
15566
4889
62011
11578
10234
10825
4859
5858
5970
6241
5926
20072
13345
2709
1466
3861
11903
1440
4185
290
21989
1589
31994
1243
31509
1887
23237
1252
2031
4987
19818
1718
858
44134
7504
504
10267
433
71274
7784
10091
1350
11003
524
5599
111
7995
1950
11688
31749
683
1708
567
5428
13527
4005
3367
604
4142
56533
1536
5985
9747
6943
1449
2434
8560
14704
1379
11203
5363
7194
17567
27409
9825
9947
20579
5332
17739
1163
6888
11629
2420
8859
7170
42511
35013
0
6771
13175
1574
1200
13049
27684
16450
1473
1381
2904
51636
427
790
6078
1279
68640
75768
55025
60725
142
113
71120
8872
33113
1689
408
1763
21545
8222
5860
14591
17317
19085
29352
26736
3052
4880
4512
14697
2984
3514
4425
357
3404
1603
32448
23033
504
0
19340
109
8881
105
11126
14923
23498
133
112355
19849
0
556
388
15486
49732
41982
33388
219
285
26590
4858
303
13362
20308
0
405
28694
547
4315
2037
1054
2264
1441
4925
1986
25796
1419
1313
1634
33678
16732
5975
14671
7968
263
2929
13300
8806
61905
58523
3775
9960
32288
25588
25693
19119
18787
21664
22913
19306
24103
13897
30317
2594
288
17742
25994
12019
8561
12245
29435
11779
209
4987
6429
583
379
515
597
2414
219
150
12062
959
835
0
6141
8870
7868
4476
5914
1600
4283
4214
35785
3819
10634
2620
201
858
12266
5590
2636
704
2132
26022
8433
4299
11095
1061
13377
11983
10680
7727
1052
23520
49397
5149
15372
1036
13228
17155
22341
1064
1016
7813
23987
24422
2455
11642
61495
3527
7004
36970
38949
525
709
5937
4300
1380
355
3939
621
421
10920
37451
36882
11687
21912
971
16336
2413
10783
127
9014
322
16145
2289
6483
9728
225
3662
4997
1320
1942
268
3393
4303
48960
13655
11918
9622
16523
19169
26789
699
641
227
2100
29404
263
12285
31010
6428
7699
1433
2563
6516
26034
3780
838
109
1486
652
665
53370
246
886
11975
35772
11001
8221
3321
6424
2739
7389
2691
172
16620
12436
12436
20001
8987
1897
0
941
38619
24362
583
9916
10724
885
12613
49954
12377
3914
1698
539
3799
107071
683
12474
1944
31272
38631
38037
1182
23325
20235
8658
5889
1912
1068
5313
1209
15698
0
2179
24272
211
1884
5580
674
14853
5066
2703
6092
48715
209
140
10794
2323
19075
530
4072
220
435
999
1401
5205
8850
10330
10971
35255
27487
25172
10578
41776
9301
48529
9749
9622
10593
2374
112
3784
28180
25844
16584
22120
971
14088
8591
110
6923
6119
6393
22550
13710
2019
1752
1863
1907
1442
3535
51181
4676
765
5285
16342
6767
5455
11444
1921
9712
2016
5443
4814
10945
53260
11410
4377
6917
2878
661
22939
82141
7108
2767
215
1156
718
2647
2394
25384
7655
1204
135
15793
28468
59998
1863
1211
10788
21088
11364
21647
37058
263
3108
667
970
4019
6886
21396
682
4250
17428
4248
24792
2015
10777
960
1023
5128
2402
9823
232
19611
25963
11964
17957
17574
17599
17560
9676
1075
6865
13553
1030
12280
7367
15530
2823
11775
12589
2913
4202
12607
318
6855
0
6754
11492
1105
1102
775
526
12055
11813
3168
5106
9659
1165
1353
1347
2504
11260
14799
7860
3855
1322
691
741
18933
597
11900
23992
610
8421
10954
5758
23533
28802
510
1885
599
736
2318
11116
26213
3497
13354
532
4668
6998
46653
1707
138
25286
58055
5905
61902
127
9390
7563
1000
1247
45047
215
24283
58681
7577
12236
670
4820
43900
4799
48174
12041
11886
19014
14294
13950
14973
14677
43047
3117
2351
12285
272
386
10726
3245
2752
7367
3908
270
4032
1693
1349
3468
110
2658
3133
4043
33892
1094
12601
230
9791
12619
8976
877
907
17598
16449
509
13071
630
2536
11070
390
9389
7839
2432
14293
2204
2302
98
24037
48737
34731
36368
27403
29669
20335
22581
23710
27341
36534
26933
36268
33812
24516
72285
30896
40053
12647
5123
1379
662
6327
12389
3064
37048
7371
11214
10975
10778
587
24156
23982
1364
6935
10753
6198
5584
644
6117
15117
109
1039
308
325
10594
1855
10955
6036
18147
19679
8032
756
3743
113
1892
109
1413
4879
8906
3836
4582
2648
15185
3029
24114
16895
7807
9645
16714
8224
6057
8693
5246
4149
7059
17117
6809
14229
4615
6566
2824
22452
3571
17783
12188
11731
142
5786
21603
6594
13918
21236
29904
9842
21889
9350
16700
112
661
24441
2705
2643
16367
1310
55827
101
288
2224
13224
2270
8017
2342
524
5183
31104
329
543
731
16378
1581
1282
1292
1387
17357
42067
2537
4427
11681
4505
1454
5091
1389
1063
2547
4036
52510
23762
3553
2113
21329
9685
10334
197
197
7252
970
6407
2528
4639
10755
1353
13741
25327
12221
503
54603
18424
87067
465
892
1075
1622
1168
9768
15411
2319
56393
21762
9865
5530
6730
23533
1273
6608
31668
3778
1076
2703
689
1577
4368
5703
267
12522
108
24154
1028
31782
7911
2374
6975
1026
503
26706
52900
15036
5662
337
2807
2038
4696
15140
6133
12433
58706
145
2380
350
636
5884
5907
5913
21712
8775
3888
1026
12799
27386
8361
5887
4888
1782
37136
13201
5385
11773
12294
3823
6030
10791
3805
10344
15881
208
3764
5751
3582
1046
6613
87
2523
4544
5925
8325
1794
1140
2370
1198
8327
35839
25448
4534
8340
2752
10699
10596
112
6202
219
8440
2279
54558
29853
216
47421
2617
10586
6852
273
1467
21771
11865
3955
8081
103701
25571
8924
968
1958
2950
4112
13291
10419
10830
16312
2014
3518
116
982
46261
4419
30387
5896
11485
167
8698
1027
848
11727
197
27197
3462
279
8389
19805
17708
15691
4569
2943
22549
11202
2831
129
15304
693
3829
12779
5716
1073
1514
384
19513
2631
61558
5423
4538
4290
8301
9774
11788
37777
200
7242
7841
1994
4287
2968
373
1509
1859
64573
4923
22525
3857
66963
14417
12186
251
9051
4999
7326
3045
447
100
1211
1042
11937
62698
41249
968
1029
3304
9612
1502
3961
73324
19366
22244
18296
16287
20451
14914
16610
18956
18138
11064
14622
16697
18411
27891
10801
4842
5382
3869
27842
2596
14693
1411
1514
52489
5979
18124
18625
838
833
847
6465
2315
66
11349
1049
1070
3929
23691
22729
20801
23889
15282
23874
1941
9609
3119
13104
7787
261
1601
1053
2228
11822
12936
18265
436
341
409
8049
11853
5702
10091
4438
110509
7056
7193
23652
13237
1276
29529
442
18548
8306
111
63168
5621
433
34861
40359
52885
7857
12797
14867
11995
1103
8589
3855
3236
7119
40175
5118
17907
2423
3653
1257
5433
11131
20588
12060
2106
9825
14086
8908
2424
12680
4698
1169
510
219
1559
7810
3817
8741
971
68363
89154
52593
38341
5407
3335
1252
421
9908
9020
57351
11868
9163
1766
11327
2226
346
12800
24756
39963
5856
11153
1315
10295
11302
21734
32375
11056
10735
11668
2259
645
1266
1023
963
45885
3029
3014
21012
176
82926
19356
17913
20099
19238
18807
140
8178
12557
27017
11392
12361
8308
9618
7825
6336
7905
10743
7814
8652
10158
8495
10089
9484
10452
10871
40291
8310
4697
9564
13679
6422
10422
17568
9664
14654
31336
10424
4934
14187
9414
6456
5635
7125
11039
5008
13280
7230
11361
21412
5616
17452
8540
26278
6331
9375
11898
9025
8554
14001
22146
12852
16677
10732
19588
10198
21781
17264
8541
14464
17860
14723
9589
16389
24093
10785
21472
11947
13117
8131
17404
14274
7899
18637
20495
9537
14614
20196
13053
17628
26579
10406
5499
5618
4897
27102
14732
14044
5928
9029
11218
20444
8728
5225
12433
10723
8777
6727
7509
10642
18069
9391
7338
13901
7310
14218
12047
13985
5012
9298
10965
6987
10212
6946
10215
18526
10102
11934
6169
11207
19158
4277
15160
18429
17138
9616
7283
8469
4408
218
50786
49847
46250
2877
36492
3047
723
109
137072
1889
50229
7732
2325
23233
2098
11098
12411
480
24962
927
7222
1076
9958
18042
2423
1248
1250
704
5383
14687
1047
1366
3955
1055
1137
1028
203
1085
7850
6050
6711
187
781
599
18499
483
5329
18824
4194
93457
1212
1449
1911
4551
971
2418
3118
9162
277
11714
2985
8430
59728
5375
1102
104593
3282
3425
530
3363
4223
5387
967
11427
35554
218
7600
19632
10575
481
20332
10019
37967
53956
56601
1042
3183
9741
1308
4411
12955
16970
16463
16659
18291
17072
35035
17669
15859
32526
22473
18331
32086
19929
18034
17135
32161
13625
17532
34530
17724
19179
33233
18576
33384
34619
33481
13885
22205
17999
16202
18052
25931
15366
30802
34683
30824
27072
31209
32738
33157
21186
32081
32090
29955
32470
28244
32275
13641
14568
18489
13995
13731
41179
16981
17061
15685
24062
15439
16369
13441
11858
14561
14282
14001
13657
14469
17350
16754
14359
36119
28606
36217
29308
36777
34564
34253
34276
34038
36471
36021
36845
36049
36205
24141
13035
19383
15781
17386
18984
27597
27783
26893
25603
24597
21093
21074
28816
27596
23757
28500
14183
12579
19208
16419
21521
20304
13904
19761
26279
26354
34991
13710
30757
23270
24640
39091
25731
23182
38702
27067
37965
28000
30777
40307
27102
24741
34144
35167
14094
23133
14511
32766
18858
28587
14799
11285
37415
29567
29281
27608
33171
29740
6963
14098
2140
17988
531
10775
10551
13049
17105
21870
940
219
22578
1994
479
21452
17639
11687
269
417
11222
51888
369
1072
2327
10485
50275
4900
6211
4829
5496
20323
16531
1448
740
18567
1677
15887
9268
4844
13907
15421
2804
13981
23938
9979
4050
11775
7503
744
21937
9960
15297
43174
8456
15672
21989
4931
924
22667
3717
21003
11494
2409
15967
37015
11234
28449
11526
13476
23789
3274
1926
11124
2401
1221
11431
28547
1018
1925
2609
25564
521
111
25921
8917
1274
4470
1274
14979
661
11673
15072
11735
14796
12320
22871
30147
11481
14356
5026
39960
40673
43793
5426
1502
2072
533
208
5797
470
49138
5440
2803
46972
7533
1318
13657
4064
47393
1480
28433
2057
1506
3225
27177
524
4853
459
1525
15197
8991
3497
732
1664
621
78
22201
23019
19546
9174
7786
2516
1944
231
30894
13363
38228
9535
1400
111
929
5666
11578
3580
3742
3425
2338
11541
11698
51352
308
6921
6294
6566
7313
9433
11657
26894
34350
209
1079
919
52804
13782
998
8609
5501
2167
9793
4820
6400
1379
4492
15573
92162
1897
207
2866
21470
2817
532
20077
1587
558
23322
8068
496
2205
13753
1106
631
7651
5126
16216
32162
518
17186
58
14008
22434
29859
6473
4555
235
2804
804
9139
111
18849
1096
2991
20893
11918
11439
1756
18354
3906
6445
24688
32854
82630
4146
8150
13021
1810
1184
948
10280
3496
3612
20754
965
972
4795
4516
21694
2528
213
1074
2103
11694
639
41412
11284
12798
1125
17016
20343
4895
6473
14657
11822
1130
9712
3412
12893
43123
14389
7565
29212
15472
90548
1024
45931
44518
136
6224
22075
12054
11832
7542
1029
1192
29543
11896
222
1224
2255
109
34424
9534
9441
8176
1641
12023
2125
3145
711
1075
101612
1377
16469
2141
12927
4856
9919
11336
2334
3677
1414
69584
9713
2437
1444
1878
2440
22429
16080
7862
40214
1214
5819
4899
3297
1830
17467
1691
1361
115
572
11547
10677
10837
11692
10328
500
11939
2043
11623
11646
10643
488
1934
5310
1929
2053
9588
10688
486
2052
11464
3752
1919
9933
11189
16525
33892
49436
2092
89360
22310
3820
451
5245
10477
1967
2460
423
1304
2974
2518
359
21076
31175
6749
2184
62382
24091
6946
113
111
3402
1711
6389
329
6005
1681
5404
1427
3470
9254
28349
2608
10833
2279
4798
11735
6126
1091
1625
6766
6636
1148
7466
4751
31062
47670
18845
5925
3779
17657
110
20770
171
9063
2838
22946
7773
2141
1029
2816
1123
18542
1076
1098
13918
272
31820
11261
56832
11563
2288
4772
81
117795
6987
3958
19501
22526
11927
28812
1047
742
5918
12407
60313
4221
3237
15067
3885
61058
4802
28427
4907
40765
1458
2934
3119
1145
6586
4111
1056
41673
40405
8944
2007
2055
2611
2254
4376
69850
4466
64115
9715
9611
62930
14498
10097
8232
9197
10491
22064
113106
6592
10805
3870
11493
1268
844
10270
43288
13676
33284
4922
432
31467
11649
18829
11604
1306
10199
12211
5673
83150
10047
6553
5869
6298
5353
26005
10149
9743
63065
53490
58
11392
11392
20661
10113
3002
13707
1567
1815
16153
44424
2004
6253
11606
16114
462
1808
5891
44303
69506
466
1727
506
16261
11768
22945
1025
4860
4019
10403
6621
221
45714
20290
13765
8716
30310
1053
4027
54778
46520
10431
627
165
789
12297
2118
15781
5905
14073
1886
12703
219
9390
1086
19650
3457
2387
5218
1690
43885
9324
517
3419
7335
49866
1123
2286
4648
10553
11943
632
391
11244
49810
101
2179
1611
12790
10851
13881
5291
5312
109
2476
39209
3537
5372
2360
132
973
32380
5279
3913
2001
434
855
8849
6927
8147
24981
18841
20226
25842
17200
10762
1023
2539
1208
17958
2251
1226
1011
4091
1002
7152
33446
22990
10343
11011
4675
4066
1047
4109
1510
578
588
11146
9269
4976
12585
3239
1261
521
2348
1323
8810
2180
123
1412
14536
4220
240
220
360
1644
50289
5733
17713
5897
4894
5349
619
406
1146
2294
1069
35670
2522
1515
12574
11893
864
10290
4670
1583
2362
20063
27901
976
24620
2959
8976
0
56728
5316
6589
1219
5569
12914
823
2908
27504
2155
12715
56438
876
10886
5871
109
1277
114
9911
5577
7485
8354
10746
10679
4068
9950
438
107482
5923
22927
976
1335
3752
9669
83
0
14829
60493
49653
1136
5882
58887
44868
8607
3440
1589
1669
1201
4430
1808
138
111
2901
10363
7605
1312
10248
1182
3753
11413
1372
3089
19550
2046
9640
47126
16537
19188
12033
5171
1493
1458
35753
16494
26253
529
4480
4987
2562
109817
527
426
2038
303
26944
489
1726
427
10041
92671
2070
9739
1422
3383
11881
17283
2410
19863
21486
7375
1044
28301
9860
875
0
7966
27988
2266
15968
33100
23177
8048
11438
8246
14243
17014
8901
15741
37721
16831
22957
16610
7752
19276
7743
15021
28812
16316
7461
1718
637
61532
297
4103
1275
593
31447
9076
520
42303
1618
945
1863
3269
3970
3650
12522
35879
11202
28430
12739
5136
20352
6190
6050
12926
10439
90767
6304
33339
702
1338
6122
50496
29998
43456
48748
49956
61913
21299
11226
8355
72157
4868
1302
4571
9919
28608
34675
2381
1482
4203
2020
18702
5341
4259
279
390
779
2115
2232
720
15262
470
54042
3446
17900
14620
1964
493
16477
32885
156
11057
9446
7684
141
23441
1300
1163
14574
14031
656
23580
5824
6321
8440
4003
8786
5657
72419
29321
7262
2242
5406
36792
1026
799
15447
800
200
209
11808
13603
1138
2591
8057
8598
8278
10639
32784
23325
14005
5378
1972
998
1381
6106
3729
2194
2826
6050
112
11306
30298
22546
20807
24939
35164
29585
20884
27801
28352
22314
30238
16387
19916
15131
3968
15893
2498
61
898
18848
392
20927
4077
11350
6422
954
655
7258
4854
7374
29087
11795
551
10739
6733
6058
1217
4321
5856
3907
529
23417
28172
114
148
8014
8005
206
4883
18406
12483
18399
18229
18406
12676
20463
18538
19898
34271
36000
18028
2409
12671
2313
11249
20077
20013
8220
6617
22653
19890
4201
19115
11778
113
7368
5929
21401
11631
11211
9942
10296
10295
46215
1884
1944
253
667
64461
1944
2237
9875
363
1234
1946
2030
8549
1161
524
937
41503
6231
62951
322
4885
3998
3515
530
5408
57260
4002
842
135
4552
49777
38253
4885
1458
695
3387
50113
1020
81
332
10923
536
535
23580
14530
20469
5908
36207
12127
565
1617
24417
10460
373
881
37653
111
2862
280
29663
21410
3455
5286
3513
79
23960
6371
914
2273
1210
6332
2084
1893
26007
266
2354
31878
0
7547
57126
3515
219
25184
6671
18564
112
11513
288
3051
480
11035
996
3847
5438
42194
8809
977
77
20660
407
199
5466
5989
129
23417
35543
58944
220
14107
5745
25667
10401
2038
1795
112
1344
1366
12777
29226
3777
31034
321
6172
45853
8797
3909
1065
968
608
18541
13837
1084
1214
1078
430
7719
29229
8013
673
9583
2427
239
10456
7585
4788
61719
43314
9106
12426
2315
8168
5748
21239
36673
21427
2015
10773
10471
8205
8220
4790
21583
14933
83242
44388
37129
1278
29339
40303
7451
8642
8642
28561
8643
11701
8646
8651
8640
382
20420
539
59970
1184
3439
3597
28124
77
1048
665
587
57822
15102
6095
1899
38766
2428
2982
9060
71651
13718
6717
29948
5724
5679
6265
56976
1024
570
32457
38927
39559
12434
169
37788
1767
29078
370
9324
6086
11829
47096
1059
30781
11815
9110
23644
11115
4092
40635
208
5852
21623
11348
10314
17603
4871
35748
2054
25825
935
19498
167
109
3794
2443
20909
11464
1096
53781
26580
11882
11750
12047
11812
31434
49904
1000
12117
11821
1088
277
4872
11310
4313
2013
4092
11607
12559
20207
1474
401
2320
5940
21460
2200
188
34103
2458
163
19799
11421
27959
11843
13599
6671
11175
22552
3984
187
468
11278
132
1816
12049
103
32672
10706
5053
0
2404
1105
921
1041
4988
1048
7829
1040
1106
17187
1025
5555
16813
11275
29741
11359
11596
31006
10917
1045
137
1036
1457
525
868
25165
6855
27330
141
1033
989
1487
894
2833
16417
573
224
0
110
17210
1065
77200
113
48565
3301
4029
1182
404
11461
3429
88869
7273
30288
7874
6742
114
14946
30882
1048
11408
1191
33489
4129
522
11443
3106
1047
10069
44741
40540
12052
464
11011
43014
10771
5190
27320
5580
2822
30414
32413
11844
11009
11255
20919
12104
34646
2304
21883
21660
33642
11729
0
30434
2869
43244
11691
85947
157
1073
11813
21147
251
0
12552
531
11769
11284
1049
138
11771
6826
371
512
1044
19902
168
8248
23865
11386
1041
11858
2259
11781
192
9909
11060
2521
115
11959
30723
180
112
31515
25060
73
2543
11465
11409
30369
37933
11599
22195
11676
11196
4086
1723
11582
112
767
58390
5322
1148
534
11548
12235
12991
2390
26023
1051
3381
1774
1040
1814
427
5964
5424
551
4282
25324
63231
617
96853
10311
3271
37515
15187
3209
5062
25881
1196
5877
39250
36321
379
27837
1702
24656
15325
15184
25177
9043
13487
421
7068
21157
6423
919
119
2540
2142
58009
4018
531
28126
550
538
23584
1735
11023
4489
6526
273
9829
962
1053
548
34123
4087
2170
4390
11300
110
523
11895
11293
24826
3183
11658
101
1984
2106
11805
1530
15597
31851
1227
1472
6692
18414
22198
1040
145
293
93443
29365
40891
1718
786
12431
1915
54347
3782
1054
28760
12283
15073
6170
1302
5449
488
11601
11756
35195
12090
12386
1068
1045
485
10674
110
29380
166
13520
16126
3675
48874
1102
33226
29530
399
209
9913
25417
59267
20560
1048
10612
9579
309
41351
39386
2572
7314
728
3960
12596
1920
1612
1050
7384
43444
6900
23283
1427
347
20851
10388
2418
30371
1387
39924
1333
47069
10844
104585
38796
4806
16174
6943
10741
0
1099
211
11744
117
20750
11267
1328
101
3943
2939
40524
5273
1053
6217
15626
18470
11358
11771
2611
10900
2232
11640
37641
11653
61540
1052
11634
210
1062
25857
6279
1052
31950
10551
24453
1047
4871
1609
49303
1198
75
99
46983
2395
112
2869
194
20418
15985
11866
999
4662
2125
11476
3183
5705
3800
18951
707
5434
10713
5578
1245
17939
5332
1014
10739
994
1055
101
3801
3835
12149
274
110
4713
27860
277
212
11477
11730
11097
1882
1119
29426
21440
11116
935
23671
11746
602
35065
872
6960
1282
36256
22252
4849
26972
20132
11998
11795
1034
1414
454
8187
112
25139
78057
1938
832
3802
8186
12962
27835
15423
161
11639
23324
5864
905
27440
32030
12892
11160
23532
11360
10304
685
179
17046
50600
1062
3728
5630
1688
1051
18271
10987
11866
37790
31030
18617
11862
4097
1051
388
15806
8738
77445
37260
37185
14665
10266
4929
33207
1296
456
68
4015
48670
12243
66622
11594
10622
1710
11895
9411
1599
2121
15332
5714
33190
42660
9236
11380
1894
343
84
12500
13265
1394
434
2042
74181
580
11147
1032
1044
2226
16343
1082
72969
875
562
49601
1049
10985
87409
475
10858
189
219
1725
1135
11402
3787
3950
53
10328
15591
8269
2926
34781
11316
13596
349
11656
11915
26611
4060
523
2505
11757
1850
7226
11112
4996
4092
4823
6293
3897
11411
1178
1053
23642
11910
45812
69209
21816
5741
60159
1229
7855
19628
12045
38452
12832
196
11214
55060
1325
1075
10902
80
10808
77830
1900
63000
583
27942
467
3275
11364
60250
2239
3939
1103
6188
4319
1051
1074
12659
37252
1176
1212
1514
18662
380
1031
215
18893
11404
2039
54000
535
11783
1159
7417
522
5509
24112
31623
33873
6313
11972
1168
11400
10042
4549
7942
3212
1057
8818
918
876
3119
11919
13481
14243
6183
13204
8378
15844
41466
6881
15330
24852
8144
540
524
346
664
36846
3476
4067
1086
1121
11221
2921
3240
8548
6895
3619
731
6905
3894
6656
12037
892
997
1038
11908
23107
46903
51972
9696
5010
1830
9258
6081
1001
6188
44133
16988
34417
32696
15458
22207
13823
57033
3462
0
1000
6083
2052
44750
13294
12678
7314
1316
1179
6263
10792
5952
12773
21761
9901
7848
3754
17388
15139
37811
32408
17444
6057
29483
45043
1544
21675
2508
6242
48219
31280
148
50807
5341
23871
3062
13284
1695
2151
10009
58428
9360
689
3538
19720
19789
2007
488
5586
34158
3309
1663
19468
2356
10414
870
4876
7293
617
12178
7725
0
2287
1212
1126
5952
623
21130
11689
12247
11065
12158
1164
837
811
12144
47721
334
3712
13570
5401
22582
271
6063
7869
3956
20030
31404
1060
12283
110
689
38739
1075
18612
472
7026
12632
3539
1639
1582
18904
9858
10618
373
7730
46788
495
30375
29981
32873
2432
3230
113
60841
141
81
429
833
8398
12978
9974
1376
15760
57441
686
14872
27001
10660
1208
8996
11985
1119
936
4759
10949
338
798
1070
28984
813
8069
1077
6043
767
4111
9977
2439
0
74738
5864
1221
464
262
4246
7474
11779
216
12818
9552
16907
19824
75676
9749
1339
1489
539
3960
2437
1904
10015
535
1370
48808
42149
43106
50157
44798
40847
48387
40369
47503
43361
48162
48702
27991
37571
26750
41073
34691
37494
268
51356
21332
3930
46840
1685
2039
22025
3269
4642
4427
368
6323
6597
20120
11820
123962
3347
7722
11073
10815
5927
25943
6067
24219
16473
2062
7350
6391
113
1129
975
4704
521
11492
6470
6530
5188
3121
11763
806
11208
1002
631
3981
10587
26190
8792
25100
974
5161
17814
1074
11892
8989
1694
112
39123
3056
41475
8909
5548
297
2145
1483
1432
1691
10918
273
51042
1062
78855
11736
4003
507
976
1946
868
140
48004
20553
4171
9596
1228
3077
1895
22492
1290
4232
75011
10663
11703
4136
985
8006
7452
36563
4604
40875
0
5237
0
3981
9319
27138
6474
5823
0
1048
2591
968
5187
3567
39088
5818
2955
4390
3084
24603
12891
65085
27927
111
6914
7984
210
1967
45899
10990
14556
10767
11644
3708
25974
30830
11708
49187
63327
3400
6497
1103